% fname: pir_0_011_poisson__routing_XY__topology_8x8__.m
% ../bin/noxim -pir 0.011 poisson -routing XY -topology MESH -dimx 8 -dimy 8  -warmup 900 -size 8 8 -buffer 4 -config ../config_examples/default_config.yaml -power ../bin/power.yaml 

function [max_pir, max_throughput, min_delay] = pir_0_011_poisson__routing_XY__topology_8x8__(symbol)

data = [
%             sim      avg_delay     throughput      max_delay   total_energy       rpackets         rflits
             1000        23.5714       0.094375             74    9.02602e-07             77            604
             1000        23.5714       0.094375             74    9.02602e-07             77            604
             1000        23.5714       0.094375             74    9.02602e-07             77            604
             1000         33.137          0.095            113    8.98295e-07             73            608
             1000         33.137          0.095            113    8.98295e-07             73            608
             1000         33.137          0.095            113    8.98295e-07             73            608
             1000         33.137          0.095            113    8.98295e-07             73            608
             1000         33.137          0.095            113    8.98295e-07             73            608
             1000         21.597      0.0801562             55    8.90257e-07             67            513
             1000         21.597      0.0801562             55    8.90257e-07             67            513
             2000        26.7445      0.0871023            113    1.78985e-06            771           6132
             2000        26.7445      0.0871023            113    1.78985e-06            771           6132
             2000         33.179      0.0886506            219    1.79678e-06            782           6241
             2000         33.179      0.0886506            219    1.79678e-06            782           6241
             2000         33.179      0.0886506            219    1.79678e-06            782           6241
             2000        29.2453      0.0895597            281    1.80065e-06            791           6305
             2000        29.2453      0.0895597            281    1.80065e-06            791           6305
             2000        29.2453      0.0895597            281    1.80065e-06            791           6305
             2000        29.2453      0.0895597            281    1.80065e-06            791           6305
             2000        23.3618      0.0851705             89    1.79178e-06            749           5996
             3000         25.804       0.086942            168    2.69475e-06           1459          11685
             3000         26.182      0.0871652            174    2.70014e-06           1467          11715
             3000         26.182      0.0871652            174    2.70014e-06           1467          11715
             3000         26.182      0.0871652            174    2.70014e-06           1467          11715
             3000        28.0625      0.0875223            180    2.70039e-06           1473          11763
             3000        28.0625      0.0875223            180    2.70039e-06           1473          11763
             3000        25.9434       0.088497            162    2.69443e-06           1485          11894
             3000        25.9434       0.088497            162    2.69443e-06           1485          11894
             3000        25.9434       0.088497            162    2.69443e-06           1485          11894
             3000        28.1503      0.0909449            147    2.70601e-06           1530          12223
             4000          28.38      0.0879133            172    3.60072e-06           2179          17442
             4000        25.2266      0.0875353            175    3.59235e-06           2171          17367
             4000        25.2266      0.0875353            175    3.59235e-06           2171          17367
             4000        28.8932      0.0882308            179    3.60625e-06           2192          17505
             4000        28.8932      0.0882308            179    3.60625e-06           2192          17505
             4000        29.4522      0.0906754            292    3.60971e-06           2249          17990
             4000        29.4522      0.0906754            292    3.60971e-06           2249          17990
             4000         29.072      0.0902167            216    3.61083e-06           2237          17899
             4000        26.5892      0.0901915            188    3.60091e-06           2237          17894
             4000        26.5892      0.0901915            188    3.60091e-06           2237          17894
             5000        27.7636      0.0853773            326    4.48453e-06           2800          22403
             5000        27.7636      0.0853773            326    4.48453e-06           2800          22403
             5000        27.9057      0.0885899            199    4.50924e-06           2905          23246
             5000        27.9057      0.0885899            199    4.50924e-06           2905          23246
             5000        27.2469      0.0875457            189    4.50258e-06           2872          22972
             5000        26.7931      0.0876639            178    4.49817e-06           2876          23003
             5000        26.7931      0.0876639            178    4.49817e-06           2876          23003
             5000        26.9402       0.086654            167    4.49412e-06           2844          22738
             5000        28.1392      0.0866349            227    4.49737e-06           2844          22733
             5000        28.1392      0.0866349            227    4.49737e-06           2844          22733
             6000        27.3135      0.0895129            196    5.40823e-06           3652          29217
             6000        27.3039      0.0870711            230    5.40229e-06           3550          28420
             6000        27.3039      0.0870711            230    5.40229e-06           3550          28420
             6000        26.2245      0.0890564            182    5.41095e-06           3631          29068
             6000        27.0893      0.0889553            154    5.41858e-06           3630          29035
             6000        25.5923      0.0873866            133    5.39859e-06           3564          28523
             6000        25.5923      0.0873866            133    5.39859e-06           3564          28523
             6000        27.0119      0.0887102            217    5.39831e-06           3621          28955
             6000        27.7501      0.0887347            225    5.40508e-06           3625          28963
             6000        25.9443      0.0858762            165    5.37935e-06           3503          28030
             7000         26.289      0.0859221            171    6.27682e-06           4194          33544
             7000        27.1626      0.0880789            184    6.30873e-06           4304          34386
             7000        26.3839      0.0881865            197    6.29516e-06           4301          34428
             7000        26.8474      0.0881993            222    6.31528e-06           4305          34433
             7000        26.5869      0.0869211            159    6.29793e-06           4241          33934
             7000        26.3231      0.0863243            248    6.28987e-06           4216          33701
             7000        26.3231      0.0863243            248    6.28987e-06           4216          33701
             7000        26.5836      0.0876434            174    6.29392e-06           4277          34216
             7000         26.049      0.0878381            181     6.3005e-06           4286          34292
