% fname: pir_0_012_poisson__routing_XY__topology_8x8__.m
% ../bin/noxim -pir 0.012 poisson -routing XY -topology MESH -dimx 8 -dimy 8  -warmup 900 -size 8 8 -buffer 4 -config ../config_examples/default_config.yaml -power ../bin/power.yaml 

function [max_pir, max_throughput, min_delay] = pir_0_012_poisson__routing_XY__topology_8x8__(symbol)

data = [
%             sim      avg_delay     throughput      max_delay   total_energy       rpackets         rflits
             1000        52.0395      0.0979687            297    9.04199e-07             76            627
             1000        52.0395      0.0979687            297    9.04199e-07             76            627
             1000        29.2692      0.0939062             77    9.06937e-07             78            601
             1000        29.2692      0.0939062             77    9.06937e-07             78            601
             1000        29.2692      0.0939062             77    9.06937e-07             78            601
             1000        29.2692      0.0939062             77    9.06937e-07             78            601
             1000        33.5263      0.0946875            139    9.06926e-07             76            606
             1000        33.5263      0.0946875            139    9.06926e-07             76            606
             1000        33.5263      0.0946875            139    9.06926e-07             76            606
             1000        33.5263      0.0946875            139    9.06926e-07             76            606
             2000        27.0508      0.0893892            200    1.80864e-06            788           6293
             2000        34.7678        0.10044            307    1.82017e-06            887           7071
             2000        34.7678        0.10044            307    1.82017e-06            887           7071
             2000        34.7678        0.10044            307    1.82017e-06            887           7071
             2000        33.6085       0.101491            232    1.82564e-06            894           7145
             2000        33.6085       0.101491            232    1.82564e-06            894           7145
             2000        33.6085       0.101491            232    1.82564e-06            894           7145
             2000        30.2839      0.0979119            221    1.83164e-06            863           6893
             2000        30.2839      0.0979119            221    1.83164e-06            863           6893
             2000        30.2839      0.0979119            221    1.83164e-06            863           6893
             3000        27.4744      0.0917113            145    2.71791e-06           1543          12326
             3000        27.4744      0.0917113            145    2.71791e-06           1543          12326
             3000        31.1008      0.0945164            206    2.73596e-06           1588          12703
             3000        31.1008      0.0945164            206    2.73596e-06           1588          12703
             3000         38.146      0.0979167            375    2.74146e-06           1644          13160
             3000         38.146      0.0979167            375    2.74146e-06           1644          13160
             3000        30.1824      0.0985268            159    2.73571e-06           1656          13242
             3000        30.1824      0.0985268            159    2.73571e-06           1656          13242
             3000        30.1824      0.0985268            159    2.73571e-06           1656          13242
             3000        29.5124      0.0990179            232    2.73457e-06           1659          13308
             4000        28.2902      0.0976562            232    3.64076e-06           2419          19375
             4000        30.5623      0.0933165            345    3.63119e-06           2312          18514
             4000        30.5623      0.0933165            345    3.63119e-06           2312          18514
             4000        28.5791      0.0962399            213    3.64753e-06           2388          19094
             4000        30.5544      0.0970161            263    3.63914e-06           2408          19248
             4000        30.5544      0.0970161            263    3.63914e-06           2408          19248
             4000         31.987      0.0931956            236    3.63801e-06           2314          18490
             4000         31.987      0.0931956            236    3.63801e-06           2314          18490
             4000        28.8762      0.0947782            184    3.63095e-06           2351          18804
             4000        28.8762      0.0947782            184    3.63095e-06           2351          18804
             5000         29.514      0.0961662            217    4.55483e-06           3154          25234
             5000        29.2067      0.0948285            184     4.5444e-06           3106          24883
             5000        29.2067      0.0948285            184     4.5444e-06           3106          24883
             5000        33.9467      0.0985404            260    4.56646e-06           3230          25857
             5000        28.7887      0.0938338            164    4.54542e-06           3081          24622
             5000        28.7887      0.0938338            164    4.54542e-06           3081          24622
             5000        28.7926      0.0926296            352    4.54821e-06           3038          24306
             5000        29.8861      0.0953201            251    4.55238e-06           3125          25012
             5000        32.3333      0.0955678            310    4.54411e-06           3132          25077
             5000        32.3333      0.0955678            310    4.54411e-06           3132          25077
             6000        32.3819      0.0968627            243    5.47637e-06           3954          31616
             6000        30.2238      0.0955239            316    5.46453e-06           3896          31179
             6000        29.0597       0.095527            224    5.45809e-06           3901          31180
             6000        29.0597       0.095527            224    5.45809e-06           3901          31180
             6000        29.1409      0.0939553            201    5.44699e-06           3832          30667
             6000        28.5192      0.0930453            204    5.44539e-06           3798          30370
             6000        29.4685      0.0941513            310     5.4532e-06           3844          30731
             6000        31.3784      0.0942586            311    5.45548e-06           3843          30766
             6000        31.3784      0.0942586            311    5.45548e-06           3843          30766
             6000        30.5143      0.0958364            257    5.46812e-06           3910          31281
             7000        30.3153        0.09521            249    6.37319e-06           4647          37170
             7000        29.8653      0.0957966            247    6.37649e-06           4677          37399
             7000        29.4023      0.0963038            234    6.36677e-06           4700          37597
             7000        29.4751      0.0934785            227    6.36024e-06           4563          36494
             7000         30.477       0.095584            266    6.37577e-06           4669          37316
             7000        28.5699      0.0947387            274    6.36259e-06           4624          36986
             7000        28.5699      0.0947387            274    6.36259e-06           4624          36986
             7000         29.656      0.0963499            217    6.37856e-06           4700          37615
             7000        29.7834      0.0940651            220    6.36081e-06           4594          36723
