% fname: pir_0_014_poisson__routing_XY__topology_8x8__.m
% ../bin/noxim -pir 0.014 poisson -routing XY -topology MESH -dimx 8 -dimy 8  -warmup 900 -size 8 8 -buffer 4 -config ../config_examples/default_config.yaml -power ../bin/power.yaml 

function [max_pir, max_throughput, min_delay] = pir_0_014_poisson__routing_XY__topology_8x8__(symbol)

data = [
%             sim      avg_delay     throughput      max_delay   total_energy       rpackets         rflits
             1000        66.2771       0.107813            489    9.25956e-07             83            690
             1000        48.9556       0.116094            231    9.28996e-07             90            743
             1000        48.9556       0.116094            231    9.28996e-07             90            743
             1000        48.9556       0.116094            231    9.28996e-07             90            743
             1000        48.9556       0.116094            231    9.28996e-07             90            743
             1000        48.9556       0.116094            231    9.28996e-07             90            743
             1000        40.0899       0.108594            232    9.23954e-07             89            695
             1000        40.0899       0.108594            232    9.23954e-07             89            695
             1000        40.0899       0.108594            232    9.23954e-07             89            695
             1000        40.0899       0.108594            232    9.23954e-07             89            695
             2000        43.6229       0.109233            260     1.8638e-06            960           7690
             2000        43.6229       0.109233            260     1.8638e-06            960           7690
             2000        43.6229       0.109233            260     1.8638e-06            960           7690
             2000         50.005       0.114631            278    1.86676e-06           1007           8070
             2000         50.005       0.114631            278    1.86676e-06           1007           8070
             2000         50.005       0.114631            278    1.86676e-06           1007           8070
             2000        49.7358       0.113764            282    1.86033e-06           1003           8009
             2000        49.7358       0.113764            282    1.86033e-06           1003           8009
             2000         38.132       0.113693            199    1.85934e-06           1000           8004
             2000         38.132       0.113693            199    1.85934e-06           1000           8004
             3000        38.1429       0.112671            220    2.78948e-06           1890          15143
             3000        44.9865       0.110164            515    2.78434e-06           1851          14806
             3000        44.9865       0.110164            515    2.78434e-06           1851          14806
             3000        36.7172       0.109606            231      2.779e-06           1842          14731
             3000        36.7172       0.109606            231      2.779e-06           1842          14731
             3000        44.0809       0.113951            473    2.79811e-06           1917          15315
             3000        46.0558       0.112024            324    2.78957e-06           1882          15056
             3000        46.0558       0.112024            324    2.78957e-06           1882          15056
             3000        42.1856       0.113795            374    2.78769e-06           1913          15294
             3000        42.1856       0.113795            374    2.78769e-06           1913          15294
             4000        38.7458       0.111588            246    3.72258e-06           2770          22139
             4000        38.7458       0.111588            246    3.72258e-06           2770          22139
             4000        52.7308       0.112147            452    3.72539e-06           2782          22250
             4000        38.6532       0.110514            359    3.71587e-06           2739          21926
             4000        38.6532       0.110514            359    3.71587e-06           2739          21926
             4000        49.0256       0.114869            473    3.73131e-06           2847          22790
             4000        46.2826        0.11377            510    3.72271e-06           2820          22572
             4000        46.2826        0.11377            510    3.72271e-06           2820          22572
             4000        39.0127       0.111139            395    3.71648e-06           2753          22050
             4000        39.3662       0.109577            265    3.71212e-06           2714          21740
             5000        40.2311       0.109558            352    4.64063e-06           3592          28748
             5000        45.2324       0.113594            459    4.66547e-06           3726          29807
             5000        40.6576       0.109825            359    4.64298e-06           3604          28818
             5000        50.7599       0.112912            567    4.66424e-06           3703          29628
             5000        47.6766       0.114546            668    4.67237e-06           3760          30057
             5000        47.6766       0.114546            668    4.67237e-06           3760          30057
             5000        40.9254       0.110785            400    4.63376e-06           3634          29070
             5000        44.4644       0.108342            471    4.64185e-06           3553          28429
             5000        38.6824       0.110774            318    4.64105e-06           3633          29067
             5000        42.6009       0.112961            338    4.65805e-06           3708          29641
             6000        42.8468       0.112286            340     5.5878e-06           4583          36650
             6000        49.0314        0.10943            469     5.5684e-06           4463          35718
             6000        44.3205        0.10936            535    5.57335e-06           4465          35695
             6000        46.6185       0.114874            488    5.60837e-06           4689          37495
             6000        46.9907       0.113367            423    5.60075e-06           4622          37003
             6000         41.069       0.112463            412    5.59248e-06           4591          36708
             6000        41.0175       0.111884            404     5.5856e-06           4564          36519
             6000        41.4521       0.112858            370    5.59651e-06           4601          36837
             6000        50.7436       0.114347            444    5.59745e-06           4668          37323
             6000        40.8642       0.111284            546    5.56478e-06           4543          36323
             7000        48.0347        0.11395            666    6.53874e-06           5561          44486
             7000        41.7287       0.109047            386    6.49298e-06           5323          42572
             7000        46.1262       0.113712            529    6.53685e-06           5548          44393
             7000         46.723       0.110471            573    6.50834e-06           5390          43128
             7000        48.0616       0.114626            489     6.5434e-06           5597          44750
             7000        43.6113       0.110602            324    6.50763e-06           5398          43179
             7000        45.6359       0.113932            576    6.52394e-06           5559          44479
             7000        42.7432       0.111442            458    6.49953e-06           5436          43507
             7000        49.4434       0.111565            596    6.51385e-06           5446          43555
