% fname: pir_0_01_poisson__routing_XY__topology_8x8__.m
% ../bin/noxim -pir 0.01 poisson -routing XY -topology MESH -dimx 8 -dimy 8  -warmup 900 -size 8 8 -buffer 4 -config ../config_examples/default_config.yaml -power ../bin/power.yaml 

function [max_pir, max_throughput, min_delay] = pir_0_01_poisson__routing_XY__topology_8x8__(symbol)

data = [
%             sim      avg_delay     throughput      max_delay   total_energy       rpackets         rflits
             1000        23.1935        0.07625             84    8.90676e-07             62            488
             1000         26.623      0.0770312             94    8.95032e-07             61            493
             1000         26.623      0.0770312             94    8.95032e-07             61            493
             1000         26.623      0.0770312             94    8.95032e-07             61            493
             1000         26.623      0.0770312             94    8.95032e-07             61            493
             1000         26.623      0.0770312             94    8.95032e-07             61            493
             1000         26.623      0.0770312             94    8.95032e-07             61            493
             1000        21.3529         0.0875             66     8.8458e-07             68            560
             1000        21.3529         0.0875             66     8.8458e-07             68            560
             1000        21.3529         0.0875             66     8.8458e-07             68            560
             2000        23.5389      0.0832813            125    1.77983e-06            733           5863
             2000        23.5389      0.0832813            125    1.77983e-06            733           5863
             2000        24.0131      0.0780114            108    1.77196e-06            685           5492
             2000        24.0131      0.0780114            108    1.77196e-06            685           5492
             2000        24.0131      0.0780114            108    1.77196e-06            685           5492
             2000        24.0131      0.0780114            108    1.77196e-06            685           5492
             2000        24.4414      0.0799858            101    1.78247e-06            700           5631
             2000        24.4414      0.0799858            101    1.78247e-06            700           5631
             2000        24.4414      0.0799858            101    1.78247e-06            700           5631
             2000        24.4414      0.0799858            101    1.78247e-06            700           5631
             3000        24.1573      0.0813318            101    2.66918e-06           1367          10931
             3000        24.1573      0.0813318            101    2.66918e-06           1367          10931
             3000        24.1573      0.0813318            101    2.66918e-06           1367          10931
             3000        25.0492      0.0809747            124    2.66737e-06           1363          10883
             3000        25.0492      0.0809747            124    2.66737e-06           1363          10883
             3000        25.0492      0.0809747            124    2.66737e-06           1363          10883
             3000        24.4131      0.0785863            139    2.66863e-06           1317          10562
             3000        24.4131      0.0785863            139    2.66863e-06           1317          10562
             3000        24.4131      0.0785863            139    2.66863e-06           1317          10562
             3000        24.5121      0.0834003            121    2.68685e-06           1402          11209
             4000        23.6306        0.08125            121    3.57277e-06           2017          16120
             4000        23.6306        0.08125            121    3.57277e-06           2017          16120
             4000        24.4656      0.0786391            186    3.55476e-06           1950          15602
             4000        24.4656      0.0786391            186    3.55476e-06           1950          15602
             4000        24.8687      0.0797329            154     3.5561e-06           1980          15819
             4000        24.8687      0.0797329            154     3.5561e-06           1980          15819
             4000        24.8687      0.0797329            154     3.5561e-06           1980          15819
             4000        23.6765      0.0791784            177    3.55846e-06           1966          15709
             4000        23.6765      0.0791784            177    3.55846e-06           1966          15709
             4000        24.1893      0.0809325            122     3.5647e-06           2007          16057
             5000        24.1609      0.0808689            133    4.45171e-06           2654          21220
             5000        24.2166      0.0807203            124    4.45111e-06           2646          21181
             5000        24.2166      0.0807203            124    4.45111e-06           2646          21181
             5000        24.0147      0.0810518            126    4.45752e-06           2659          21268
             5000        24.0147      0.0810518            126    4.45752e-06           2659          21268
             5000        24.9087      0.0791425            184    4.44039e-06           2595          20767
             5000        24.9087      0.0791425            184    4.44039e-06           2595          20767
             5000        24.2171      0.0803506            190    4.45279e-06           2635          21084
             5000        24.2171      0.0803506            190    4.45279e-06           2635          21084
             5000        23.4422      0.0800076            116    4.44708e-06           2623          20994
             6000        23.9003      0.0814062            177    5.34512e-06           3320          26571
             6000        25.4918      0.0822641            275    5.35579e-06           3355          26851
             6000        23.4897      0.0773529            160    5.32076e-06           3157          25248
             6000        23.4897      0.0773529            160    5.32076e-06           3157          25248
             6000        23.3501      0.0790717            151    5.32974e-06           3225          25809
             6000        23.3501      0.0790717            151    5.32974e-06           3225          25809
             6000        24.3301      0.0802665            198    5.33625e-06           3272          26199
             6000        25.2392      0.0826072            147    5.36989e-06           3374          26963
             6000        25.2392      0.0826072            147    5.36989e-06           3374          26963
             6000        25.4587      0.0809007            203    5.35262e-06           3305          26406
             7000        24.2681      0.0809836            173    6.23711e-06           3954          31616
             7000        23.9463      0.0808786            160    6.23964e-06           3948          31575
             7000        24.7702      0.0798181            160    6.23089e-06           3899          31161
             7000        23.8319      0.0789139            154     6.2269e-06           3854          30808
             7000        23.9583      0.0781352            241    6.22112e-06           3815          30504
             7000        24.3816      0.0811347            150     6.2325e-06           3960          31675
             7000        24.6887      0.0781045            203    6.22268e-06           3810          30492
             7000        24.6887      0.0781045            203    6.22268e-06           3810          30492
             7000        25.6226      0.0815471            134    6.24676e-06           3983          31836
