% fname: pir_0_013_poisson__routing_XY__topology_8x8__.m
% ../bin/noxim -pir 0.013 poisson -routing XY -topology MESH -dimx 8 -dimy 8  -warmup 900 -size 8 8 -buffer 4 -config ../config_examples/default_config.yaml -power ../bin/power.yaml 

function [max_pir, max_throughput, min_delay] = pir_0_013_poisson__routing_XY__topology_8x8__(symbol)

data = [
%             sim      avg_delay     throughput      max_delay   total_energy       rpackets         rflits
             1000        32.7108       0.103906             99    9.14966e-07             83            665
             1000        32.7108       0.103906             99    9.14966e-07             83            665
             1000        33.5679       0.101719            120    9.20078e-07             81            651
             1000        33.5679       0.101719            120    9.20078e-07             81            651
             1000        33.5679       0.101719            120    9.20078e-07             81            651
             1000        33.5679       0.101719            120    9.20078e-07             81            651
             1000        32.5571      0.0885937            102    9.18049e-07             70            567
             1000        32.5571      0.0885937            102    9.18049e-07             70            567
             1000        32.5571      0.0885937            102    9.18049e-07             70            567
             1000        32.5571      0.0885937            102    9.18049e-07             70            567
             2000        28.4113      0.0960938            176    1.83052e-06            846           6765
             2000         33.286       0.103381            163    1.83677e-06            909           7278
             2000         33.286       0.103381            163    1.83677e-06            909           7278
             2000        42.1575       0.107457            302    1.85094e-06            946           7565
             2000        42.1575       0.107457            302    1.85094e-06            946           7565
             2000        42.1575       0.107457            302    1.85094e-06            946           7565
             2000        31.4605        0.10233            176    1.83305e-06            899           7204
             2000        31.4605        0.10233            176    1.83305e-06            899           7204
             2000        31.4605        0.10233            176    1.83305e-06            899           7204
             2000        38.6959       0.105142            199    1.83454e-06            924           7402
             3000         44.505       0.106912            263    2.76538e-06           1796          14369
             3000        34.5793       0.104874            280    2.76253e-06           1766          14095
             3000        34.5793       0.104874            280    2.76253e-06           1766          14095
             3000         37.099       0.102924            225    2.75481e-06           1727          13833
             3000         37.099       0.102924            225    2.75481e-06           1727          13833
             3000        45.6758       0.106763            427    2.76481e-06           1792          14349
             3000        45.6758       0.106763            427    2.76481e-06           1792          14349
             3000        35.5693      0.0981399            447    2.74408e-06           1653          13190
             3000        35.5693      0.0981399            447    2.74408e-06           1653          13190
             3000        35.5693      0.0981399            447    2.74408e-06           1653          13190
             4000        32.8032       0.104118            236    3.66817e-06           2581          20657
             4000        35.9112       0.104597            266    3.67706e-06           2591          20752
             4000        35.9112       0.104597            266    3.67706e-06           2591          20752
             4000        39.8202       0.103962            388    3.68551e-06           2580          20626
             4000         37.884       0.103175            359    3.68226e-06           2561          20470
             4000         37.884       0.103175            359    3.68226e-06           2561          20470
             4000        34.4652        0.10192            257    3.67813e-06           2528          20221
             4000        34.4652        0.10192            257    3.67813e-06           2528          20221
             4000        33.3396       0.102258            248    3.67811e-06           2538          20288
             4000        38.7776        0.10248            530    3.67514e-06           2541          20332
             5000        37.9196       0.104021            530    4.59967e-06           3409          27295
             5000        39.3406       0.103293            429    4.58671e-06           3388          27104
             5000        32.8013       0.104242            224    4.60884e-06           3418          27353
             5000        31.7783       0.101475            263    4.58245e-06           3333          26627
             5000        31.7783       0.101475            263    4.58245e-06           3333          26627
             5000        41.9435       0.107999            368     4.6278e-06           3541          28339
             5000        34.7504       0.103304            399    4.59872e-06           3390          27107
             5000        36.2861       0.105918            312    4.61444e-06           3474          27793
             5000        36.2861       0.105918            312    4.61444e-06           3474          27793
             5000        42.2459        0.10484            389    4.61531e-06           3436          27510
             6000        38.3872       0.103961            345    5.52181e-06           4243          33933
             6000        35.8773       0.103398            410    5.52403e-06           4215          33749
             6000        39.1957       0.104485            638    5.52561e-06           4262          34104
             6000        32.2135       0.103039            220    5.52295e-06           4202          33632
             6000        36.6186       0.103018            348     5.5146e-06           4206          33625
             6000        33.9513       0.102175            289     5.5071e-06           4167          33350
             6000        33.9513       0.102175            289     5.5071e-06           4167          33350
             6000        33.8733       0.102831            253    5.50676e-06           4191          33564
             6000        37.0807       0.106532            350    5.54664e-06           4350          34772
             6000        36.8041       0.104384            311    5.52973e-06           4253          34071
             7000        32.7887        0.10125            286    6.42573e-06           4940          39528
             7000        35.4273       0.106109            293    6.45915e-06           5181          41425
             7000        32.8261        0.10415            264    6.45074e-06           5083          40660
             7000        36.1255        0.10522            276    6.45852e-06           5133          41078
             7000        30.9976       0.101399            201    6.40938e-06           4946          39586
             7000        35.0725       0.103143            339    6.44526e-06           5033          40267
             7000        34.3295       0.102351            327    6.44412e-06           4992          39958
             7000        37.1043       0.104137            357    6.45519e-06           5082          40655
             7000        37.7674       0.103835            540    6.45547e-06           5068          40537
